790792.96280087531985
796762.15136718751986
840707.02307692311987
910291.63547334061988
1032258.83494105041989
1117323.6547368421990
1719930.90789473691991
2132759.35963114771992
2410744.51100478461993
2618619.58483033951994
2911685.67741935471995
2868270.98730468751996
3302033.5248780491997
3560149.8881188121998
4040800.47718253961999
4960555.8298319332000
5869515.2203913492001
6322282.3377049182002
6864536.2937365012003
6930888.1816192562004
7544068.4682713352005
7364523.0614035092006
7491047.7828877012007
8375126.7984234232008
8343213.1185819072009
8970580.0676202872010
9426656.4820936642011
1.0668223734059097E72012
1.1541896877442274E7201